rmsd_nm
0.000000
0.048722
0.049186
0.048344
0.044988
0.046105
0.050386
0.048080
0.049679
0.054535
0.055117
0.052199
0.053038
0.055649
0.055154
0.054332
0.054524
0.060562
0.057045
0.055595
0.057324
0.058604
0.064538
0.063490
0.063538
0.065489
0.063131
0.059811
0.064755
0.061519
0.057743
0.057417
0.055259
0.061582
0.063651
0.062688
0.062033
0.068050
0.064950
0.064645
0.067765
0.063068
0.071689
0.065958
0.064196
0.071304
0.065893
0.060624
0.068898
0.070692
0.068282
0.066125
0.069891
0.059991
0.070989
0.063062
0.063807
0.068259
0.066915
0.072776
0.062770
0.066104
0.069336
0.063994
0.066871
0.073819
0.069638
0.073120
0.062730
0.067181
0.075129
0.071547
0.067389
0.069936
0.069399
0.066676
0.072836
0.067316
0.065406
0.066771
0.062296
0.066310
0.064142
0.067860
0.071761
0.071119
0.070722
0.071032
0.072931
0.071479
0.073604
0.076413
0.074365
0.062162
0.069429
0.061759
0.067724
0.070872
0.063830
0.073284
